 200 0.207605  1.000000  0.192614  0.140357  0.161864  0.227816  0.265518
 300 0.262679  1.000000  0.219089  0.159687  0.185203  0.260000  0.301993
 400 0.275136  1.000000  0.237065  0.172916  0.200499  0.282135  0.329393
 500 0.293598  1.000000  0.238747  0.172916  0.201246  0.284781  0.333317
 600 0.282135  1.000000  0.248395  0.179722  0.209284  0.297153  0.349428
 700 0.260576  1.000000  0.261534  0.189209  0.219773  0.313209  0.369053
 800 0.266646  1.000000  0.278029  0.199750  0.232809  0.334066  0.394968
 900 0.281069  1.000000  0.289828  0.208087  0.242074  0.350000  0.414488
1000 0.297321  1.000000  0.303645  0.215639  0.252190  0.368103  0.438976
1500 0.368782  1.000000  0.420238  0.288964  0.342929  0.521153  0.634980
2000 0.562850  1.000000  0.650692  0.441814  0.526498  0.816395  1.005485
3000 1.845454  1.000000  2.117640  1.336675  1.634595  2.755830  3.475442
