200 0.447227  2.865000  0.327470  0.171327  0.231206  0.472152  0.654080
300 0.514181  1.586000  0.278819  0.145912  0.196823  0.399989  0.553831
400 0.282205  0.962500  0.180950  0.094710  0.127724  0.261030  0.361515
500 0.101321  0.621600  0.112883  0.058244  0.078757  0.164662  0.230987
600 0.053825  0.419200  0.079816  0.040537  0.055586  0.117041  0.165668
700 0.033655  0.292400  0.059094  0.029562  0.040644  0.087135  0.124387
800 0.032290  0.209270  0.056001  0.028440  0.038778  0.082557  0.117840
900 0.029383  0.152720  0.041616  0.020312  0.028131  0.062676  0.091357
1000 0.024795  0.112910  0.034291  0.016609  0.023101  0.052063  0.076338
1500 0.014890  0.029966  0.022825  0.009808  0.014282  0.037565  0.059210
2000 0.015949  0.009336  0.023705  0.010001  0.014818  0.039390  0.062887
3000 0.021450  0.000911  0.033593  0.013122  0.019839  0.058499  0.095672
