 200 0.146161  3.539000  0.139791  0.075381  0.100508  0.198538  0.271087
 300 0.120044  1.984200  0.099210  0.053573  0.071431  0.139489  0.190880
 400 0.087158  1.220700  0.072998  0.038818  0.052124  0.102661  0.140869
 500 0.078742  0.798600  0.048635  0.025475  0.034500  0.069239  0.095672
 600 0.055419  0.546000  0.036473  0.019110  0.025880  0.052307  0.072673
 700 0.036464  0.385450  0.028909  0.015033  0.020352  0.041706  0.057933
 800 0.025972  0.278970  0.023210  0.011968  0.016180  0.033672  0.047090
 900 0.020102  0.205960  0.018907  0.009680  0.013140  0.027722  0.039112
1000 0.016825  0.154500  0.015635  0.007818  0.010753  0.023113  0.033032
1500 0.007208  0.042955  0.008290  0.003887  0.005503  0.012813  0.019154
2000 0.005115  0.013967  0.006285  0.002848  0.004083  0.009943  0.015172
3000 0.005724  0.001498  0.007045  0.002752  0.004194  0.012044  0.019152
