Process
-----------------------------------------------------------------------------------------------------------------------------
$\mathrm{H}^{\pm\pm}(500)\rightarrow\mathrm{W}^{\pm}\mathrm{W}^{\pm}$               666   68    0  0.00001       48.9   5.1 0  0.00001	0 0.00001   
$\mathrm{H}^{\pm}(500)\rightarrow\mathrm{WZ}$                                      19.2    2.4    107    11       1.7   0.2     8.0   0.9   0 0.00001     
$\mathrm{W}^{\pm}\mathrm{W}^{\pm}$                    230   16  	  0  0.00001          28.2   1.8      0 0.00001	     0  0.00001	      
WZ                        	        67.8    5.8   196    15       10.3    1.0     27.2    2.4      0 0.00001	     
ZZ                        	        0.7    0.2     6.4   2.0     0.1   0.1     1.1    0.3  	 13.3    4.0 
Nonprompt                 	      262     36      22.3    7.7    263    21      8.4    3.1    0.2    0.2 
tVx               	                 8.4    1.9   17.7    3.3     28.8    5.6     62    11      0.2    0.1 
Other-background               	        31.1    7.3     6.8   1.4     21.1    4.2      2.2   0.4  	  0.3    0.1
Total-background                       600     40     249     18      352     22      101     12    	 14.0    4.0 
Data                                   602   25           249	   16     352      19        101       10      14    4       
